92
95
98
98
98
98
99
99
99
100
100
100
100
100
100
100
100
100
100
99
99
99
99
99
99
99
99
98
99
99
99
99
99
99
99
99
99
100
99
99
99
99
99
99
99
99
99
99
99
99
99
99
99
99
98
98
98
97
97
97
98
98
99
99
99
99
99
99
99
98
98
98
98
99
99
99
100
99
99
99
99
99
99
99
100
100
100
100
100
99
99
99
99
98
98
97
97
96
96
96
96
96
96
97
97
97
98
98
98
98
97
97
97
96
96
96
96
96
97
98
99
99
99
99
99
98
98
98
98
